0, 0, 0, 0,
0, 0, 0, 0,
0, 0,
0, 255, 25, 15,
87, 255, 25, 15,
80, 10,
87, 255, 25, 15,
100, 255, 25, 15,
80, 10,
100, 255, 25, 15,
99, 255, 25, 15,
80, 10,
99, 255, 25, 15,
95, 255, 25, 15,
80, 10,
95, 255, 25, 15,
88, 255, 25, 15,
80, 10,
88, 255, 25, 15,
74, 255, 25, 15,
80, 10,
74, 255, 25, 15,
45, 255, 25, 15,
80, 10,
45, 255, 25, 15,
0, 255, 128, 0,
80, 10,
0, 255, 128, 0,
87, 255, 128, 0,
80, 10,
87, 255, 128, 0,
100, 255, 128, 0,
80, 10,
100, 255, 128, 0,
99, 255, 128, 0,
80, 10,
99, 255, 128, 0,
95, 255, 128, 0,
80, 10,
95, 255, 128, 0,
88, 255, 128, 0,
80, 10,
88, 255, 128, 0,
74, 255, 128, 0,
80, 10,
74, 255, 128, 0,
45, 255, 128, 0,
80, 10,
45, 255, 128, 0,
0, 255, 25, 15,
80, 10,
